0.212662,
0.234752,
0.136586,
0.255988,
0.430153,
0.733771,
0.079289,
-0.269217,
0.051260,
0.440993,
0.442501,
0.376519,
-0.341628,
-0.577196,
0.123810,
-0.403342,
0.779723,
0.163026,
0.018737,
-0.647012,
-0.409168,
0.761766,
-0.099569,
0.008769,
0.764540,
0.008080,
0.256745,
0.270719,
-0.360281,
-0.123906,
-0.334999,
0.156520,
-0.233436,
0.968472,
-0.455248,
-0.590154,
0.279527,
0.514615,
-0.238616,
0.199329,
-0.087207,
0.150424,
0.727680,
0.122216,
-0.322641,
-0.060787,
-0.421067,
-0.035420,
-0.039976,
-0.626439,
-0.503950,
-0.014824,
0.088747,
0.016846,
-0.013094,
0.300574,
-0.177094,
0.046540,
-0.130899,
-0.050534,
0.374292,
-0.688204,
0.961499,
0.822284,
-0.294307,
0.325769,
0.622651,
0.137304,
0.391257,
0.277678,
0.755928,
0.714075,
-0.048414,
-0.731232,
-0.220064,
0.250224,
0.084406,
-0.464877,
0.267165,
-0.261426,
-0.032312,
-0.234439,
-0.086526,
-0.881598,
-0.595025,
-0.109258,
-0.245108,
0.444728,
-0.568410,
0.289229,
0.321525,
-0.380630,
0.058735,
0.014828,
0.270348,
0.435523,
0.008787,
0.240396,
-0.147935,
0.316590,
-0.282012,
0.622267,
0.340465,
0.460191,
-0.476658,
-0.239854,
-0.387600,
-0.158610,
-0.370555,
-0.423044,
0.249811,
0.011358,
0.050926,
-0.175594,
-0.691130,
-0.324697,
0.299746,
0.466962,
-0.223265,
-0.047050,
0.575872,
-0.463833,
-0.215138,
0.097383,
-0.338458,
0.782473,
-0.008650,
-0.157998,
0.344919,
-0.046286,
-0.808705,
0.148916,
0.057423,
-0.237456,
0.058486,
0.151096,
0.037719,
0.654014,
-0.207767,
0.413675,
0.280833,
0.195358,
0.050583,
0.776473,
-0.171799,
0.310445,
-0.048520,
0.263544,
0.428725,
-0.204097,
0.028638,
-0.005865,
0.457143,
0.289066,
0.226461,
0.122017,
0.221247,
0.198811,
0.304665,
-0.100666,
-0.420124,
0.550192,
0.106434,
0.204041,
0.210408,
-0.367414,
0.413697,
-0.481513,
-0.561301,
0.396047,
0.333154,
-0.165129,
0.197989,
0.081215,
-0.862820,
-0.010182,
0.499841,
0.760968,
-0.301683,
-0.423500,
-0.561376,
0.584633,
0.203645,
-0.884675,
-0.230184,
-0.196466,
0.316842,
-0.166982,
0.551818,
-0.052164,
-0.865967,
-0.327768,
0.092563,
0.565453,
0.487811,
-0.323387,
0.537000,
-0.423564,
0.272977,
-0.495581,
-0.085760,
0.086183,
0.833293,
0.196689,
0.542405,
0.574910,
-0.233888,
-0.304957,
0.593251,
-0.424201,
0.351130,
-0.602933,
0.475473,
-0.470804,
-0.568113,
0.301022,
0.542439,
0.690802,
0.248454,
-0.076118,
-0.717913,
-0.011140,
-0.052231,
-0.271586,
0.432753,
0.305363,
-0.134648,
0.603345,
-0.376311,
-0.056127,
-0.279385,
-0.347438,
-0.268108,
0.100237,
0.120909,
-0.501615,
-0.025334,
0.285174,
-0.585858,
-0.324516,
-0.491528,
0.513786,
0.025792,
-0.066940,
0.129532,
0.345647,
-0.033720,
-0.639081,
0.082032,
-0.247204,
-0.360455,
0.284624,
-0.030308,
-0.643324,
-0.164611,
0.127799,
-0.386645,
-0.575650,
0.008340,
0.765858,
0.764308,
-0.013469,
0.559992,
0.487013,
0.006710,
0.550696,
0.042054,
-0.201990,
0.626374,
-0.065060,
-0.648577,
-0.286764,
0.137387,
0.468720,
-0.595681,
-0.028509,
0.032588,
-0.307515,
-0.022868,
-0.099026,
-0.055244,
-0.689118,
0.297851,
0.284303,
0.454338,
-0.328477,
-0.098791,
-0.812140,
0.158703,
-0.044817,
0.410594,
-0.021396,
0.548312,
0.100966,
-0.080237,
0.363842,
0.285075,
-0.099881,
-0.668842,
0.533761,
-0.369535,
0.184160,
-0.795025,
0.138266,
-0.095335,
0.530595,
-0.173701,
-0.586927,
-0.527511,
-0.035896,
-0.111094,
-0.506984,
-0.473423,
-0.578522,
-0.234786,
0.062236,
-0.752451,
-0.479784,
0.219849,
0.469014,
0.210599,
0.070143,
-0.755336,
0.078646,
-0.642371,
0.010219,
0.038689,
0.123593,
0.059152,
-0.085844,
-0.415112,
-0.442457,
0.641194,
0.153314,
0.501397,
0.609033,
0.499562,
0.896810,
-0.403532,
-0.360712,
-0.457722,
0.209305,
0.137788,
-0.195225,
0.026972,
-0.352922,
-0.263267,
-0.312269,
-0.257539,
0.703166,
-0.481911,
-0.559942,
-0.074476,
-0.164388,
0.224448,
0.682473,
0.596910,
-0.654182,
0.110336,
0.671095,
-0.484045,
-0.664180,
-0.147217,
-0.286683,
0.272873,
-0.649174,
-0.195876,
0.086748,
0.588326,
-0.190227,
-0.453825,
-0.097992,
-0.190335,
0.188323,
-0.343509,
0.197174,
-0.309634,
0.110703,
0.462447,
-0.151349,
0.589961,
-0.687583,
0.105608,
0.192072,
0.017532,
-0.374286,
0.017742,
-0.677775,
-0.738827,
-0.628023,
-0.270197,
0.110116,
0.488407,
0.411528,
0.304328,
0.024415,
-0.565296,
0.200894,
0.183769,
0.474248,
-0.520942,
0.369985,
-0.315110,
0.114042,
0.090018,
0.028729,
-0.056894,
-0.217719,
-0.312511,
0.000521,
0.032269,
0.223181,
0.042762,
-0.521672,
0.311072,
-0.366077,
0.027448,
0.498712,
0.295201,
-0.186979,
-0.708901,
0.604272,
-0.032484,
-0.439560,
0.416238,
0.132847,
-0.160738,
0.963468,
0.153202,
0.625187,
-0.155529,
0.534127,
0.005412,
0.670472,
-0.248586,
0.487660,
0.102131,
-0.107025,
0.559524,
0.310546,
-0.095330,
0.769404,
-0.284035,
0.516406,
0.091703,
-0.533527,
-0.354572,
-0.096713,
0.199552,
-0.042570,
0.304202,
0.092328,
-0.142969,
0.097390,
0.061708,
-0.022257,
-0.452023,
-0.052635,
-0.346516,
0.408932,
0.325702,
-0.035009,
-0.168839,
0.561598,
-0.190087,
-0.542355,
-0.369367,
-0.518158,
0.482580,
-0.260671,
0.295463,
-0.057975,
-0.049435,
0.267754,
0.171141,
-0.678033,
0.367068,
-0.214585,
0.759997,
-0.597821,
-0.449969,
0.370554,
-0.099090,
-0.371680,
-0.799386,
-0.585013,
0.045247,
0.087749,
0.594694,
-0.135400,
-0.622979,
-0.575354,
-0.489544,
-0.438696,
-0.183097,
0.219285,
0.220068,
0.278186,
0.435759,
-0.054767,
-0.711207,
0.589212,
-0.102667,
0.646666,
0.428310,
0.056257,
-0.174777,
-0.332719,
-0.663088,
0.203093,
-0.195985,
-0.649305,
-0.069742,
-0.032692,
-0.173424,
0.194389,
0.311156,
-0.617631,
-0.604859,
-0.074809,
-0.088600,
-0.241367,
0.654112,
0.238737,
0.311052,
-0.359133,
-0.302155,
0.692676,
0.461755,
-0.120377,
-0.712973,
-0.449832,
0.271304,
0.074169,
-0.093613,
-0.323190,
0.062400,
0.215335,
0.197434,
0.391577,
0.027341,
-0.577877,
0.266662,
-0.230161,
-0.504192,
0.766727,
-0.416691,
-0.374661,
0.375052,
-0.393295,
-0.083691,
-0.689453,
-0.128887,
0.400384,
0.191530,
0.278303,
0.309523,
0.356617,
-0.093102,
0.002178,
0.743961,
-0.176701,
-0.697536,
0.566428,
-0.082021,
0.182658,
-0.532908,
-0.282974,
0.090547,
-0.226917,
-0.575125,
-0.309827,
0.495239,
-0.564965,
-0.386190,
-0.266291,
-0.276523,
0.619045,
-0.018608,
0.466800,
-0.487563,
-0.112605,
-0.364472,
-0.160077,
0.126140,
0.333797,
-0.524676,
-0.827706,
0.603145,
-0.038182,
0.172502,
-0.721026,
0.149662,
-0.800859,
-0.762243,
0.017014,
0.179165,
0.499221,
0.106677,
0.106687,
0.249539,
-0.112098,
-0.011050,
-0.533800,
0.393592,
-0.572804,
0.150534,
0.065219,
0.632573,
-0.143826,
0.016333,
0.350603,
0.252551,
-0.279117,
-0.192425,
0.397386,
-0.539179,
-0.042285,
-0.370262,
0.031403,
0.268640,
-0.319780,
-0.356985,
-0.314935,
0.028645,
-0.021261,
-0.683626,
-0.176188,
-0.036915,
0.102044,
-0.157349,
-0.278935,
-0.476249,
-0.514342,
-0.263502,
-0.468036,
-0.307865,
-0.127878,
0.665095,
-0.623623,
-0.200854,
-0.278303,
-0.772143,
0.013871,
-0.259320,
0.463597,
0.108954,
0.528525,
0.554766,
0.003263,
0.030831,
0.108108,
0.134428,
-0.551973,
0.719751,
-0.443784,
-0.154489,
0.430486,
-0.052390,
-0.081322,
-0.155406,
0.284938,
0.461786,
0.472411,
0.325884,
0.190691,
-0.437752,
-0.648888,
-0.328775,
0.204951,
-0.816348,
0.769652,
0.092135,
0.196351,
-0.075855,
0.105355,
-0.802440,
-0.423630,
0.089810,
0.174654,
-0.524322,
-0.704211,
0.243506,
-0.416289,
0.441721,
-0.049587,
0.107568,
0.262049,
-0.445106,
0.698546,
0.149336,
0.690331,
0.152253,
0.051722,
0.679737,
0.196917,
-0.486997,
-0.067666,
-0.695139,
0.159423,
-0.624175,
-0.070323,
-0.262612,
0.760774,
0.832092,
-0.161513,
0.224076,
-0.055449,
0.032313,
-0.365994,
0.058371,
-0.097691,
0.627243,
0.108417,
0.244117,
-0.324189,
-0.203132,
0.087037,
0.240826,
0.018068,
-0.257687,
-0.102075,
0.162993,
-0.683580,
0.083611,
0.470809,
0.520499,
-0.317017,
-0.042004,
0.259732,
-0.637070,
-0.710854,
-0.971316,
0.251654,
0.442268,
-0.793790,
0.835768,
0.076708,
0.380591,
0.131876,
0.069536,
0.539995,
0.747084,
0.115119,
0.013601,
-0.245280,
0.411874,
-0.751748,
-0.360353,
0.362344,
0.437600,
0.093772,
0.113411,
0.125120,
0.290661,
0.316916,
-0.071805,
-0.004827,
0.142255,
-0.877613,
-0.717987,
-0.127945,
0.439160,
0.087980,
-0.208709,
-0.231385,
-0.263453,
0.145956,
-0.048795,
0.479744,
0.548446,
-0.206610,
0.011416,
-0.377408,
-0.541211,
-0.175498,
-0.632904,
0.575103,
0.498854,
0.058608,
0.445025,
0.484814,
-0.362379,
0.422388,
0.000552,
-0.263940,
-0.232436,
-0.410292,
-0.805445,
-0.176141,
-0.532630,
-0.192973,
0.015553,
-0.129526,
-0.141329,
0.120923,
-0.470318,
-0.403389,
0.191457,
-0.631485,
-0.223266,
0.484490,
0.684139,
0.195094,
-0.051575,
0.693735,
0.173494,
-0.067132,
0.183933,
0.747823,
-0.067734,
0.075517,
0.354087,
-0.712625,
0.023294,
-0.134827,
-0.246648,
-0.043844,
-0.423704,
0.536104,
-0.393202,
-0.364417,
-0.180968,
-0.266276,
-0.588816,
-0.361293,
0.155839,
-0.453330,
0.180872,
-0.322633,
-0.196399,
0.506436,
0.604767,
0.022197,
-0.235594,
-0.163044,
-0.046906,
-0.372341,
0.710772,
0.228718,
0.344451,
0.166141,
0.620613,
-0.328678,
0.426594,
-0.123819,
0.516806,
-0.044259,
-0.634521,
0.475282,
0.386628,
-0.559551,
0.104642,
0.846372,
-0.193860,
-0.387057,
-0.267088,
-0.585696,
-0.535700,
0.022951,
0.471598,
0.496398,
-0.004647,
-0.163888,
0.612655,
-0.541131,
0.067185,
-0.091349,
0.326606,
-0.024278,
0.276967,
-0.156486,
0.533874,
0.093811,
0.140181,
-0.161426,
-0.243748,
-0.109601,
0.061954,
0.615542,
0.559006,
-0.307021,
0.636305,
-0.155052,
0.273516,
-0.505176,
-0.208555,
0.445802,
-0.077955,
-0.913666,
-0.106321,
0.275528,
-0.580935,
0.121008,
0.224360,
0.190834,
-0.820700,
-0.483550,
0.114032,
0.479625,
-0.035980,
-0.200924,
-0.318855,
-0.699008,
-0.245594,
-0.064335,
0.252864,
-0.358638,
-0.068545,
-0.655783,
0.049561,
0.246360,
0.420299,
-0.023883,
-0.508437,
-0.201946,
-0.413855,
-0.254325,
0.117479,
0.704545,
-0.857521,
0.239169,
-0.106259,
0.339701,
-0.147699,
0.430126,
0.145495,
-0.171010,
-0.488306,
0.695867,
-0.179331,
0.523979,
0.243902,
0.196074,
-0.646536,
-0.007952,
-0.022720,
0.520439,
-0.355625,
0.133442,
-0.067931,
0.437504,
-0.030339,
0.265459,
0.431660,
0.046658,
0.088714,
0.063459,
0.223268,
-0.164887,
0.334089,
0.617194,
-0.131107,
-0.706828,
0.598277,
-0.029041,
0.418494,
-0.421613,
0.124957,
-0.110724,
-0.595079,
0.402649,
-0.334836,
0.032401,
0.149935,
0.198402,
-0.526747,
0.096758,
-0.618556,
0.601680,
-0.040747,
0.301238,
0.332249,
0.087666,
0.700784,
0.590087,
-0.329854,
-0.002627,
-0.312070,
0.074857,
-0.225479,
-0.229532,
0.622540,
0.224894,
-0.044556,
-0.406649,
-0.739616,
0.391675,
0.386430,
0.149808,
-0.105345,
0.030237,
-0.311964,
0.583631,
0.419268,
0.080619,
0.016143,
0.068697,
0.085442,
-0.375077,
0.149372,
0.390957,
0.164839,
0.208886,
0.436665,
-0.269118,
-0.166809,
0.805237,
-0.629986,
-0.857679,
-0.118541,
0.276664,
-0.509298,
0.757064,
0.324299,
-0.207545,
0.587943,
0.543297,
-0.720485,
0.679791,
-0.077713,
-0.310803,
-0.225765,
0.309850,
0.433712,
0.082423,
-0.215003,
-0.291727,
-0.173114,
0.056497,
0.315925,
0.224490,
0.471934,
-0.075996,
-0.258133,
0.117556,
0.147190,
0.030322,
-0.529410,
0.579535,
-0.340818,
0.830080,
-0.255990,
0.155618,
-0.828612,
0.053466,
0.739737,
0.613298,
-0.555701,
0.397489,
0.236802,
-0.533059,
0.560174,
-0.310895,
-0.202982,
0.236119,
0.261800,
-0.652234,
-0.053507,
-0.454294,
-0.527710,
-0.402153,
-0.191749,
0.724359,
0.603487,
-0.570410,
0.126690,
-0.192679,
0.109276,
-0.033634,
-0.054296,
0.066055,
0.043578,
0.077720,
0.059491,
0.904066,
0.335998,
-0.055691,
-0.233789,
-0.187766,
0.039175,
0.369962,
0.653188,
-0.586708,
0.671364,
-0.126481,
-0.464779,
0.555705,
-0.007488,
0.200896,
-0.476711,
-0.035663,
-0.000605,
0.244148,
-0.059793,
-0.580291,
0.129229,
0.413327,
-0.833432,
0.378734,
-0.297507,
0.197220,
-0.106335,
-0.439260,
-0.642896,
-0.644865,
0.694167,
-0.013699,
0.276199,
-0.249846,
0.034035,
0.463562,
-0.239760,
-0.859963,
-0.190254,
0.629432,
0.312661,
0.274373,
0.172486,
0.156381,
-0.147241,
0.213671,
-0.291178,
0.657667,
-0.215647,
0.028557,
-0.208117,
-0.258298,
-0.654062,
-0.746898,
-0.445129,
-0.337542,
-0.626371,
0.443399,
0.195843,
-0.109054,
0.178427,
-0.429735,
0.187311,
0.525336,
0.252733,
0.767052,
0.492961,
0.161047,
0.095394,
-0.803584,
-0.352798,
-0.876380,
0.816649,
0.052180,
0.002449,
0.438199,
0.572855,
0.447570,
-0.190215,
-0.637871,
0.014379,
0.843098,
-0.340700,
0.713399,
-0.189994,
0.228262,
-0.196112,
-0.372739,
0.643133,
0.162123,
0.590171,
0.323452,
0.073400,
-0.700475,
0.300830,
-0.384162,
0.077735,
-0.423170,
-0.238292,
-0.330917,
-0.072919,
-0.414502,
0.028224,
0.069126,
0.160979,
0.547835,
0.684062,
-0.135784,
0.598567,
-0.519732,
0.381986,
0.084532,
0.654428,
-0.795285,
0.357222,
-0.006772,
-0.181177,
0.983456,
-0.407369,
-0.634675,
-0.113549,
-0.123333,
-0.836689,
-0.404624,
0.578192,
0.471134,
-0.190159,
0.733978,
0.528848,
0.421526,
-0.060601,
0.439291,
0.621905,
0.082851,
0.306765,
0.120598,
-0.654946,
0.396853,
-0.024141,
-0.715266,
0.467135,
-0.336516,
-0.086572,
0.156389,
-0.480518,
-0.120794,
-0.226329,
-0.280779,
-0.588559,
-0.376598,
0.757715,
-0.086774,
-0.017749,
0.667149,
-0.443460,
-0.199432,
0.002556,
-0.296215,
0.309703,
0.478823,
0.025663,
-0.465988,
-0.596213,
0.140284,
-0.022365,
0.052801,
-0.715816,
0.099175,
0.690346,
-0.114414,
-0.161037,
0.057249,
-0.376658,
0.037254,
-0.584816,
0.253794,
-0.150314,
0.601762,
-0.392796,
-0.024026,
-0.150730,
-0.122772,
0.102202,
0.164522,
0.642547,
0.479894,
-0.134128,
-0.010792,
-0.195411,
0.457489,
0.050823,
0.197827,
0.405047,
0.844729,
0.650175,
-0.261070,
0.325236,
-0.164038,
0.472949,
0.244104,
0.638698,
0.086886,
0.213663,
-0.168880,
0.584226,
-0.430054,
0.111374,
-0.704412,
0.675074,
0.748569,
-0.119406,
0.501556,
0.176593,
0.025986,
-0.144674,
0.490077,
0.297417,
-0.301051,
-0.287142,
-0.170118,
0.077713,
-0.054639,
0.387413,
0.449354,
0.600073,
-0.195950,
-0.445763,
0.772376,
0.047863,
0.243137,
-0.431865,
0.213862,
0.082114,
-0.250643,
-0.129794,
0.246422,
-0.099219,
-0.315685,
0.417670,
0.697221,
-0.721798,
-0.346803,
0.412621,
0.402430,
0.544005,
0.604176,
-0.449174,
0.448536,
0.046218,
0.214755,
0.020034,
-0.052698,
0.344502,
0.536206,
0.501211,
0.229697,
0.092781,
-0.327342,
0.062566,
0.234876,
-0.238399,
-0.143431,
-0.082015,
-0.127543,
0.159372,
0.299810,
0.091358,
0.233556,
-0.332456,
-0.403535,
0.064383,
0.318633,
0.175933,
0.211242,
0.645819,
-0.124674,
0.919603,
0.450826,
0.130859,
-0.162511,
0.046356,
0.074510,
-0.161425,
-0.549747,
0.833401,
0.134049,
-0.412486,
-0.039692,
0.429190,
-0.527951,
0.416781,
-0.657798,
0.109483,
-0.029775,
0.309989,
-0.139926,
0.144067,
0.469477,
-0.068360,
-0.410704,
-0.457047,
0.044098,
0.151239,
-0.106866,
0.387365,
-0.114026,
0.728704,
-0.385603,
-0.009062,
-0.693884,
-0.494538,
0.311064,
-0.670626,
-0.321287,
0.120573,
0.205667,
-0.478183,
-0.280292,
0.019877,
-0.471908,
0.137619,
0.234114,
0.312841,
-0.299624,
-0.287740,
0.377710,
0.408540,
-0.305867,
-0.132491,
0.199262,
0.186375,
0.361390,
-0.264873,
0.292970,
-0.042292,
0.136044,
0.169655,
-0.084717,
-0.853241,
0.016000,
0.347251,
0.266330,
0.313182,
-0.376122,
-0.195317,
-0.231392,
-0.055222,
-0.318804,
0.597275,
0.762844,
-0.254947,
0.481935,
0.296469,
-0.734963,
0.029285,
0.429318,
-0.081662,
0.395485,
-0.175019,
0.613712,
-0.089131,
-0.660890,
-0.042256,
-0.061193,
-0.448196,
-0.230793,
0.056451,
0.564133,
-0.289295,
0.142936,
-0.089148,
0.068045,
-0.055829,
-0.064748,
-0.301473,
0.533299,
0.041253,
0.586218,
-0.216006,
-0.588793,
-0.119217,
-0.701074,
-0.309144,
0.389887,
0.176734,
-0.282230,
0.800700,
0.862918,
-0.176329,
0.360936,
-0.352419,
-0.572063,
-0.033857,
0.601676,
-0.513141,
0.058980,
-0.324373,
-0.186530,
-0.473249,
-0.002780,
0.374698,
0.080433,
0.192364,
0.041942,
-0.185652,
-0.350521,
-0.235202,
0.024543,
0.439557,
-0.061545,
0.682120,
0.049860,
-0.678790,
0.624911,
0.350858,
0.566815,
0.001663,
-0.344975,
-0.018456,
-0.458090,
-0.027305,
0.119890,
0.401622,
-0.186795,
0.410658,
0.080240,
-0.422602,
0.035860,
0.124230,
0.359098,
-0.268411,
-0.899470,
0.092050,
0.085320,
-0.467669,
-0.542667,
0.799032,
0.226426,
0.193825,
0.681638,
-0.035433,
-0.136129,
0.344552,
-0.517179,
-0.427658,
-0.301670,
0.090978,
0.067604,
-0.210918,
-0.140530,
-0.130768,
0.003044,
0.618374,
-0.104606,
-0.045266,
0.239809,
0.133067,
0.503704,
-0.308434,
-0.507776,
0.428611,
0.257313,
0.569183,
-0.235994,
-0.789365,
-0.390963,
0.614777,
0.318008,
0.318702,
0.659937,
-0.141030,
-0.081493,
-0.276835,
-0.363300,
0.811044,
-0.502337,
-0.077213,
-0.275699,
0.088025,
-0.193135,
0.584579,
0.393567,
0.062234,
0.469020,
0.376818,
-0.252324,
0.153435,
0.323371,
0.720258,
0.371898,
0.018606,
0.094754,
0.076880,
0.321022,
-0.052865,
-0.015899,
-0.105660,
0.203203,
-0.021354,
-0.278580,
0.216060,
0.110472,
0.016791,
0.171725,
-0.571347,
0.117710,
0.835081,
0.117556,
0.307257,
-0.386535,
0.043667,
-0.747464,
0.215565,
-0.459388,
-0.492800,
-0.322692,
0.037738,
-0.516419,
0.487032,
-0.538354,
-0.670790,
-0.361496,
-0.573304,
0.102355,
-0.124992,
-0.170277,
-0.083885,
-0.093944,
-0.716476,
-0.339504,
0.636647,
-0.271478,
-0.924536,
-0.248433,
-0.383409,
0.536752,
-0.071983,
0.181067,
-0.205948,
-0.488379,
-0.723015,
-0.009155,
0.109633,
-0.284343,
0.193616,
-0.116763,
-0.098761,
0.048030,
0.302048,
0.479546,
-0.343911,
0.011527,
0.473649,
0.299841,
0.304038,
-0.081149,
-0.577760,
0.031697,
-0.642388,
-0.012040,
-0.206210,
-0.386894,
-0.364318,
-0.181310,
0.283778,
-0.347496,
-0.249020,
-0.662389,
0.191476,
-0.312644,
-0.508706,
-0.034372,
-0.230887,
0.233699,
0.076921,
-0.044938,
-0.267589,
0.431863,
-0.699723,
-0.368622,
-0.209565,
0.259131,
0.531031,
0.226819,
0.404931,
-0.509061,
0.246683,
0.166897,
-0.067389,
-0.172187,
0.386327,
-0.146838,
0.570460,
0.624958,
0.082389,
-0.235004,
0.031595,
-0.142188,
0.132101,
0.572349,
0.016048,
0.125003,
0.520405,
-0.623005,
-0.169969,
0.646873,
-0.354725,
-0.223178,
-0.041901,
-0.471277,
-0.063629,
0.400041,
-0.868818,
-0.220196,
-0.357556,
-0.305383,
0.702709,
-0.695528,
0.026850,
0.072426,
0.537107,
-0.049385,
0.078252,
0.419209,
-0.066329,
-0.074101,
-0.269890,
-0.218647,
-0.190914,
0.038992,
-0.636513,
0.100441,
0.547978,
0.672784,
-0.148489,
0.228811,
-0.004708,
-0.396975,
0.044596,
-0.726980,
0.406401,
0.020194,
-0.132978,
0.061068,
0.386662,
-0.218721,
0.477933,
-0.391127,
-0.318130,
0.362541,
0.124078,
-0.203718,
-0.138472,
0.133498,
-0.057095,
0.037743,
0.350349,
0.410180,
-0.518651,
0.818966,
0.015321,
0.767331,
-0.019618,
-0.722358,
-0.154622,
0.183172,
-0.581170,
0.145599,
0.093841,
-0.318474,
0.179383,
-0.268231,
0.653245,
0.198972,
-0.090888,
0.296109,
-0.220158,
-0.688902,
0.313963,
0.187127,
-0.236769,
0.682981,
0.658770,
0.453657,
-0.669840,
-0.005900,
-0.061717,
-0.137447,
0.387090,
-0.709464,
0.437907,
0.223947,
0.035647,
-0.270967,
0.411177,
0.581947,
0.027269,
-0.343750,
0.028522,
-0.184341,
-0.224383,
0.747906,
0.170724,
-0.057364,
-0.329396,
-0.100837,
-0.040134,
-0.428236,
-0.142124,
0.261305,
0.156504,
0.119115,
0.574324,
0.686625,
-0.277493,
-0.323354,
0.072891,
-0.950325,
-0.213803,
0.406958,
-0.128345,
0.285191,
0.430085,
-0.483589,
0.054558,
-0.195274,
0.006058,
0.063901,
-0.325849,
-0.890701,
0.908636,
0.021995,
0.196532,
-0.376961,
-0.109206,
-0.323061,
0.217772,
-0.418403,
-0.256733,
-0.218683,
0.269510,
0.107205,
-0.106371,
0.024121,
-0.188055,
0.398796,
-0.424551,
-0.126887,
0.110020,
-0.230354,
0.062422,
-0.473999,
-0.478880,
0.133633,
-0.305719,
-0.198136,
0.175263,
0.345276,
0.202740,
0.739892,
-0.098570,
-0.082440,
-0.046659,
0.128562,
0.034034,
0.316565,
-0.385952,
0.153932,
0.225206,
0.014263,
0.506677,
0.679561,
0.742516,
-0.148330,
-0.748782,
-0.397223,
-0.167861,
-0.070418,
0.050227,
-0.439443,
0.079874,
-0.310693,
-0.125485,
-0.706618,
-0.307100,
-0.305583,
-0.428909,
-0.726476,
-0.746717,
0.433393,
0.163344,
0.184954,
-0.483859,
0.107619,
0.023670,
0.176713,
-0.249510,
0.430794,
-0.084916,
-0.243784,
0.073223,
-0.487347,
0.149574,
-0.080629,
-0.277947,
0.588352,
-0.301174,
0.581164,
-0.058288,
-0.138549,
0.060942,
-0.585829,
0.238439,
-0.205347,
-0.124304,
-0.444781,
-0.154476,
0.022426,
-0.497456,
0.019649,
0.449499,
-0.093843,
0.360732,
0.297331,
0.417918,
-0.416670,
0.281379,
-0.066418,
-0.179334,
0.707719,
-0.090961,
0.290273,
-0.113132,
0.001090,
0.221079,
0.260365,
0.286703,
0.246521,
-0.019556,
0.004845,
-0.509775,
-0.035897,
-0.410942,
-0.185820,
-0.242370,
-0.740633,
-0.733620,
-0.260459,
0.263108,
-0.066617,
-0.143778,
-0.173401,
0.590578,
0.135571,
0.025294,
-0.588689,
0.141044,
-0.332782,
0.231053,
-0.059231,
0.827865,
-0.680929,
-0.686836,
-0.409936,
-0.447618,
0.367981,
-0.124301,
0.246880,
0.319112,
-0.049236,
0.750944,
-0.012478,
0.415048,
-0.792698,
0.789754,
0.803029,
-0.579657,
0.961123,
0.023436,
-0.499632,
0.080509,
-0.484311,
0.204417,
-0.145060,
-0.290050,
0.004573,
0.556618,
0.902862,
0.289395,
0.775345,
-0.568463,
0.040558,
0.088427,
0.061058,
-0.337264,
0.212584,
-0.031045,
-0.609098,
0.137661,
-0.239675,
0.417814,
-0.144053,
-0.420820,
-0.156143,
0.029729,
0.462648,
-0.052347,
0.160806,
0.363531,
-0.197475,
0.130015,
0.758833,
0.213450,
0.167601,
-0.332409,
-0.524980,
0.290100,
0.177402,
-0.177366,
-0.338591,
-0.873913,
0.089847,
0.369249,
0.076453,
-0.040149,
0.230200,
-0.256476,
0.521231,
0.757775,
0.681910,
0.500644,
-0.417643,
-0.150233,
0.400605,
0.108851,
-0.525419,
0.221941,
0.497216,
0.674397,
-0.722608,
0.230022,
-0.256965,
0.081516,
-0.207301,
0.348791,
0.142900,
-0.110989,
-0.038863,
-0.454911,
-0.573032,
-0.182145,
0.002508,
0.093172,
-0.058178,
0.422714,
0.420855,
0.703762,
-0.535624,
0.513028,
0.477421,
-0.669114,
0.304372,
0.122117,
0.091155,
-0.241153,
0.270623,
0.522744,
0.262461,
0.226334,
0.453442,
-0.387934,
-0.716194,
0.294084,
0.004409,
0.087789,
0.305889,
0.514369,
-0.031327,
-0.300772,
0.063918,
-0.020894,
0.186033,
0.232334,
-0.152034,
-0.060808,
0.205091,
-0.364182,
0.370389,
-0.329504,
-0.224427,
0.350293,
0.087317,
0.229094,
0.593022,
0.129994,
0.642147,
0.327336,
-0.512712,
-0.023454,
-0.216319,
-0.030476,
0.471484,
-0.037505,
-0.344195,
-0.093950,
-0.182135,
0.030162,
-0.470499,
-0.342699,
0.192198,
-0.261871,
-0.099265,
-0.267073,
-0.319576,
0.052118,
0.555178,
-0.112623,
-0.835175,
0.021485,
0.175702,
0.257889,
0.419854,
0.762174,
0.244124,
-0.050228,
0.501429,
-0.574453,
-0.251365,
0.873113,
-0.400425,
0.318697,
-0.663728,
-0.172850,
0.346737,
-0.149863,
-0.433382,
0.352650,
-0.445232,
0.646942,
-0.118715,
0.063940,
0.670143,
-0.013701,
0.167337,
-0.828016,
0.623913,
0.025416,
0.118207,
0.348550,
-0.261900,
0.510484,
0.341270,
-0.257945,
-0.282743,
0.437581,
-0.032073,
-0.011698,
-0.136415,
-0.143500,
-0.424154,
0.162315,
-0.048405,
-0.096473,
-0.541444,
-0.387632,
0.502500,
-0.210401,
-0.498558,
-0.514957,
0.155373,
-0.757237,
-0.079138,
0.140905,
-0.813425,
-0.527727,
-0.166269,
-0.097466,
0.049918,
0.385741,
-0.015270,
0.483214,
-0.127291,
0.377660,
-0.861009,
-0.280930,
-0.259748,
0.377290,
0.036056,
-0.460562,
-0.552529,
-0.451499,
-0.179332,
0.036152,
0.236986,
0.393843,
0.421060,
-0.032623,
0.280228,
0.449644,
-0.589635,
-0.199745,
-0.129559,
-0.170531,
0.005156,
0.327190,
0.111748,
0.751296,
0.445183,
-0.067059,
0.257785,
0.489925,
-0.227024,
-0.075343,
-0.850089,
-0.313717,
0.351960,
-0.430176,
0.890036,
-0.432696,
0.081674,
-0.598995,
0.024942,
0.031649,
-0.379370,
0.204433,
-0.327856,
-0.536042,
-0.160331,
-0.000966,
0.140597,
0.217043,
0.620700,
-0.081013,
0.177840,
-0.441898,
-0.048503,
0.356917,
-0.427962,
0.380625,
0.046448,
0.168495,
-0.231553,
-0.097161,
-0.300837,
-0.115560,
-0.120762,
-0.094776,
-0.681483,
-0.253612,
-0.134226,
-0.281649,
-0.779396,
0.618185,
-0.154058,
-0.001000,
-0.422118,
-0.279666,
0.410106,
-0.742498,
0.012726,
-0.752394,
-0.089194,
0.501260,
0.327700,
-0.674340,
0.413362,
-0.131863,
0.381258,
0.706139,
0.627256,
-0.038260,
0.276760,
0.638860,
-0.476858,
0.365843,
-0.164198,
0.058076,
0.012431,
0.357905,
0.389067,
-0.635911,
0.308364,
0.505647,
-0.460172,
0.170711,
-0.647479,
-0.148873,
-0.737109,
-0.031667,
0.169602,
-0.200831,
-0.246207,
0.594076,
0.370097,
0.096002,
-0.028609,
0.471009,
0.084739,
0.035574,
-0.425580,
-0.242173,
0.231997,
-0.441050,
-0.135094,
-0.310162,
0.150180,
-0.093040,
0.021138,
0.617249,
0.815957,
-0.202097,
0.606282,
-0.042572,
-0.448105,
-0.668543,
0.223625,
-0.303595,
0.431523,
0.045619,
-0.603455,
0.176851,
-0.584688,
0.941490,
0.344283,
-0.215716,
-0.166468,
0.380725,
-0.778795,
0.226115,
0.078709,
0.020081,
-0.169972,
0.748884,
0.372572,
-0.525855,
-0.553627,
-0.080496,
0.620816,
-0.030179,
0.389496,
0.108345,
-0.422978,
-0.742567,
0.231844,
-0.509480,
0.129001,
-0.239408,
0.142540,
-0.575180,
0.504102,
0.530308,
0.028796,
0.075314,
0.110908,
0.069205,
0.391487,
0.464153,
-0.555620,
-0.088055,
-0.471456,
0.080317,
0.294348,
0.111932,
0.285345,
-0.141760,
-0.557302,
0.487259,
-0.491443,
-0.010320,
0.091216,
0.286924,
-0.389046,
-0.832663,
0.130213,
0.090102,
-0.281255,
0.056478,
-0.284023,
0.249596,
-0.590089,
-0.651260,
0.118777,
-0.116892,
-0.080521,
-0.666935,
-0.013841,
-0.101700,
-0.098971,
-0.372712,
0.463402,
0.458306,
-0.769231,
0.328615,
0.116159,
-0.131212,
-0.663651,
0.075816,
0.099539,
-0.061659,
-0.426167,
-0.672901,
-0.028581,
-0.190443,
0.476447,
-0.187408,
0.643849,
-0.116736,
0.828533,
-0.070525,
0.282123,
0.369868,
0.710789,
-0.528710,
0.391382,
0.689352,
-0.197558,
-0.409084,
0.283471,
0.183085,
0.178958,
0.225831,
-0.048034,
0.309953,
-0.162575,
0.706697,
0.098268,
0.180101,
0.295773,
-0.500546,
0.013195,
-0.798349,
0.585861,
0.238165,
-0.128594,
-0.340051,
0.312801,
0.060880,
-0.311737,
0.590329,
0.122170,
-0.605848,
0.641219,
0.121246,
-0.379947,
-0.286100,
0.249152,
0.240713,
0.116792,
-0.468777,
0.147045,
-0.663094,
0.024383,
-0.611612,
-0.792417,
0.614673,
-0.018656,
0.161055,
0.436454,
0.297924,
0.733374,
0.645415,
-0.510908,
-0.087984,
-0.143930,
-0.335253,
0.143816,
0.818890,
0.813925,
-0.000409,
0.313109,
0.157576,
-0.059127,
0.043078,
0.014224,
-0.333916,
0.913589,
0.893073,
-0.609999,
0.860532,
0.353202,
-0.063604,
0.369864,
0.313002,
-0.352174,
0.453936,
-0.258992,
0.006014,
-0.790728,
-0.007196,
0.296136,
0.214975,
-0.046640,
-0.438537,
0.016949,
0.590598,
-0.251069,
0.506013,
-0.410963,
-0.034004,
0.218855,
0.341687,
-0.557017,
-0.313790,
0.084742,
-0.666424,
0.000938,
0.892577,
0.238424,
-0.234327,
0.051740,
-0.092677,
0.389494,
-0.872975,
0.887753,
-0.109181,
-0.138461,
-0.405220,
-0.103056,
0.050626,
-0.607336,
0.169149,
0.333332,
0.662574,
0.559724,
-0.774529,
-0.509901,
0.036301,
0.681414,
-0.129790,
-0.540967,
0.122264,
0.439977,
-0.037374,
0.475456,
0.771027,
-0.333651,
-0.306219,
0.405448,
0.829609,
-0.044775,
-0.113353,
0.027136,
0.403174,
-0.519906,
0.052238,
-0.167445,
-0.167159,
-0.665562,
-0.820960,
0.911394,
0.371848,
-0.264951,
0.492121,
-0.438764,
-0.097061,
-0.138101,
0.584834,
-0.124137,
-0.020603,
0.336103,
-0.334763,
-0.690083,
-0.847490,
0.280547,
-0.850666,
0.002658,
-0.207803,
-0.629272,
0.005182,
-0.190010,
-0.012508,
-0.067452,
0.048378,
0.759066,
0.325836,
-0.004806,
-0.860120,
0.106653,
0.241179,
0.105028,
-0.084371,
-0.219582,
0.677000,
-0.600797,
-0.109447,
0.330479,
-0.060861,
-0.327534,
0.605882,
-0.018324,
-0.643489,
-0.466891,
0.231524,
-0.419545,
0.321732,
-0.247496,
-0.240137,
0.305065,
0.032536,
0.401977,
-0.095561,
-0.310460,
-0.193719,
0.140230,
0.458812,
-0.247661,
0.701515,
0.597925,
0.190410,
-0.817409,
-0.012169,
-0.283679,
0.078859,
0.376801,
0.592154,
0.412588,
-0.003982,
0.076733,
0.361844,
-0.407319,
-0.376386,
-0.147687,
0.313855,
0.035847,
0.063270,
0.051553,
-0.689425,
-0.266675,
0.292288,
-0.273037,
0.017367,
-0.272683,
0.163472,
-0.236785,
-0.255094,
-0.728998,
-0.171902,
0.403306,
0.428199,
-0.055386,
-0.080962,
0.316333,
0.345356,
0.467835,
-0.314995,
0.030628,
-0.290933,
0.737680,
0.173382,
0.076790,
-0.701674,
-0.084233,
-0.149147,
-0.061762,
0.075322,
-0.887208,
-0.103922,
0.104322,
-0.186543,
-0.336829,
0.271004,
0.451790,
-0.233622,
0.077330,
-0.034742,
-0.452026,
0.521609,
0.836607,
0.483952,
-0.229830,
-0.669565,
0.584680,
0.445359,
0.188633,
-0.172888,
-0.137493,
-0.068023,
0.471565,
0.003743,
-0.376307,
0.123380,
-0.253407,
0.580739,
-0.201523,
-0.653323,
-0.057157,
0.615164,
-0.188845,
-0.338090,
-0.859937,
-0.243122,
0.238876,
0.166113,
0.151215,
-0.224343,
-0.068689,
0.564328,
0.042409,
0.871050,
-0.555192,
-0.577529,
-0.482373,
0.247694,
0.027442,
-0.714364,
-0.145837,
-0.113658,
-0.085001,
-0.279783,
0.217298,
-0.760272,
-0.025461,
0.287353,
-0.291352,
0.401680,
0.087011,
0.856950,
0.323489,
0.074358,
-0.136056,
0.424080,
-0.086205,
0.445013,
-0.011777,
-0.077595,
0.230104,
0.140347,
-0.408060,
0.616895,
-0.380073,
-0.875121,
0.744866,
-0.400493,
-0.385964,
-0.726009,
0.125287,
-0.695949,
-0.667701,
-0.322510,
0.443545,
0.319684,
-0.468471,
-0.013444,
0.287698,
-0.085002,
0.071154,
-0.658155,
0.428463,
-0.163089,
0.210151,
-0.854055,
-0.140522,
0.064882,
0.314182,
-0.706960,
-0.747000,
0.748115,
0.775966,
-0.562859,
0.017276,
0.223935,
-0.025655,
-0.470601,
-0.004371,
0.027377,
0.336562,
-0.425936,
-0.494344,
0.289880,
-0.117541,
-0.380552,
0.463038,
-0.065553,
-0.187103,
-0.223204,
-0.444141,
-0.096332,
-0.196045,
-0.156689,
-0.319284,
0.061748,
0.129298,
0.393695,
0.525697,
-0.735114,
-0.223672,
-0.230941,
-0.284404,
0.393994,
0.545339,
0.237845,
0.159827,
0.165916,
-0.946372,
-0.388513,
-0.091961,
0.126855,
-0.273685,
0.049020,
0.790332,
-0.044526,
-0.371433,
0.060842,
0.475850,
-0.519767,
0.123903,
-0.311243,
-0.644737,
0.303005,
-0.030658,
-0.418018,
0.613182,
0.292921,
0.148937,
-0.098885,
0.015806,
-0.231103,
-0.276423,
0.761656,
-0.170136,
-0.184283,
0.786433,
0.620599,
-0.274087,
0.512826,
0.288755,
0.204426,
0.490210,
-0.129543,
0.100046,
-0.609586,
0.208133,
0.132384,
0.446835,
0.339932,
-0.099608,
-0.137971,
-0.177731,
0.033434,
0.229500,
-0.251655,
0.245575,
-0.265232,
-0.019604,
-0.005611,
0.345082,
0.219093,
0.240787,
0.264861,
-0.032730,
-0.229520,
0.095644,
0.352549,
-0.559875,
-0.130547,
0.708132,
0.484962,
0.304170,
0.574103,
0.061415,
0.791595,
-0.198972,
-0.137210,
0.264794,
-0.073906,
-0.783344,
0.617321,
-0.271211,
-0.875528,
0.164373,
-0.055080,
-0.349060,
0.041906,
0.396442,
-0.215037,
0.249660,
0.286073,
0.613786,
0.091101,
-0.737728,
0.052737,
-0.770998,
-0.194054,
0.110921,
-0.607737,
-0.617729,
-0.084730,
0.366911,
0.092886,
-0.649151,
-0.534726,
-0.342215,
-0.196729,
-0.672935,
-0.103528,
-0.680752,
-0.011804,
0.102867,
0.025972,
-0.521450,
0.244782,
0.307004,
0.080234,
0.318158,
0.521075,
0.195608,
0.082643,
-0.119876,
0.024253,
-0.307084,
-0.155194,
0.075150,
-0.299153,
-0.162736,
0.756609,
-0.229874,
0.039906,
-0.073060,
-0.466393,
0.367094,
0.276966,
-0.099714,
0.392430,
0.796223,
-0.678714,
0.312443,
0.083923,
-0.736001,
-0.044821,
-0.556764,
0.234232,
0.140137,
0.143465,
-0.801242,
0.202326,
0.570032,
0.170727,
-0.406432,
-0.477841,
-0.849864,
-0.747277,
-0.125198,
0.301768,
0.006066,
0.360813,
-0.037496,
-0.329993,
0.147112,
0.347233,
-0.228834,
0.279643,
0.024469,
0.653134,
0.332340,
-0.152147,
0.116777,
-0.114835,
-0.193517,
-0.544155,
0.245267,
-0.280653,
0.031407,
-0.082748,
-0.076945,
-0.253539,
-0.365316,
-0.530912,
-0.071665,
0.246781,
0.407072,
0.011808,
0.383328,
0.018401,
-0.174745,
-0.078046,
-0.901392,
-0.259926,
0.329459,
-0.113454,
0.061179,
-0.079161,
0.091583,
-0.168228,
0.476568,
-0.239309,
-0.146665,
0.066793,
0.417625,
-0.067555,
0.226559,
-0.125963,
-0.635249,
-0.811534,
0.298254,
-0.198129,
-0.177469,
0.377783,
-0.816817,
0.217699,
0.097456,
0.087320,
-0.206333,
0.008640,
0.015555,
0.227257,
-0.215432,
-0.203560,
-0.178371,
0.327215,
0.360884,
0.485382,
0.662452,
0.048678,
-0.183381,
-0.611489,
-0.614293,
0.297456,
-0.811866,
-0.285936,
-0.432812,
-0.088669,
0.007672,
-0.318600,
0.474229,
0.417107,
-0.148621,
0.151709,
-0.225741,
0.192909,
0.513654,
-0.269705,
0.052821,
-0.175094,
0.541007,
-0.061403,
0.206846,
0.877120,
-0.282089,
0.391475,
-0.076498,
-0.058303,
-0.094033,
0.164152,
-0.529100,
-0.034959,
-0.051620,
-0.439455,
0.127928,
-0.364613,
0.386314,
0.453773,
-0.549472,
0.873669,
-0.484020,
-0.304535,
-0.023702,
0.898842,
0.364392,
0.198048,
0.276268,
0.178223,
0.851157,
-0.662300,
-0.695231,
0.166524,
-0.388626,
-0.110770,
0.530374,
0.649261,
-0.831085,
0.221258,
-0.277936,
-0.090808,
0.030063,
-0.211185,
0.070341,
0.467051,
0.388167,
0.557225,
0.501557,
0.251059,
0.125148,
0.018727,
-0.639232,
0.153816,
0.939265,
0.292752,
0.660820,
0.308586,
0.103558,
0.432065,
0.349860,
0.570769,
0.472855,
-0.260303,
-0.058830,
0.304407,
0.012619,
-0.732412,
0.216339,
-0.901499,
-0.620506,
-0.565166,
-0.166450,
-0.723208,
-0.725664,
-0.088805,
0.395241,
-0.029022,
-0.218562,
-0.781279,
-0.329300,
-0.747193,
-0.146522,
-0.286129,
-0.504537,
-0.166029,
0.413518,
0.387461,
0.015835,
-0.751077,
-0.560512,
-0.299772,
-0.225677,
-0.423971,
-0.451279,
-0.285029,
-0.933432,
0.421214,
0.341514,
-0.065931,
0.103481,
-0.084966,
0.654762,
0.683292,
0.129004,
0.024398,
-0.737309,
0.076840,
0.791489,
-0.052279,
-0.437737,
-0.858504,
-0.500287,
0.684704,
0.302101,
0.016216,
0.054454,
-0.054378,
-0.283642,
0.379879,
-0.179183,
-0.513152,
0.050598,
-0.434737,
-0.005554,
-0.166132,
-0.615726,
0.182689,
0.256696,
0.141183,
0.081219,
0.078160,
-0.178876,
-0.192587,
0.757655,
-0.340270,
-0.258015,
-0.163490,
0.180318,
0.844626,
0.292909,
-0.249738,
-0.166458,
-0.207725,
0.070353,
0.567465,
0.164940,
0.528520,
0.065554,
0.387873,
0.691334,
0.573131,
-0.249665,
-0.299145,
0.519935,
0.609872,
-0.765384,
-0.017720,
0.255518,
-0.473687,
0.413520,
0.201927,
-0.720811,
0.093125,
0.155483,
-0.786289,
0.347823,
-0.072818,
0.083583,
-0.300805,
-0.637689,
0.578561,
-0.292892,
-0.267661,
0.246924,
-0.566064,
0.047478,
-0.222835,
0.740975,
0.238937,
-0.233582,
-0.199615,
-0.348207,
-0.112495,
0.141880,
0.343970,
0.292818,
-0.404130,
0.746886,
-0.901726,
-0.206144,
-0.707322,
-0.714238,
0.081893,
-0.214099,
-0.510642,
-0.673086,
-0.210856,
-0.869012,
-0.171842,
0.013759,
-0.415677,
-0.624742,
0.411973,
0.192979,
0.054734,
0.493140,
-0.158455,
0.212803,
-0.245748,
0.579029,
0.295061,
0.262913,
0.325890,
-0.517028,
-0.055213,
0.302124,
0.306764,
0.293504,
-0.650784,
-0.687598,
0.067184,
-0.045748,
-0.154453,
0.211261,
0.429768,
0.169248,
0.184709,
-0.856392,
-0.194281,
-0.472197,
-0.095636,
0.189167,
0.121090,
0.568413,
-0.837549,
-0.040006,
0.185439,
-0.256971,
0.566510,
0.329063,
-0.402509,
-0.642028,
0.206398,
0.164205,
0.968852,
0.475251,
0.765117,
0.790620,
-0.272990,
-0.193832,
0.275226,
0.303662,
0.520252,
0.016300,
-0.477808,
-0.276434,
0.191872,
-0.205937,
0.560762,
-0.324021,
0.761722,
-0.289148,
0.196744,
0.032513,
0.022041,
-0.030312,
0.100898,
0.608818,
-0.102136,
0.057661,
-0.341468,
-0.131897,
-0.910062,
-0.035249,
0.430664,
-0.171453,
0.478083,
0.768624,
-0.109135,
0.923837,
0.773104,
0.505967,
-0.100090,
-0.134054,
-0.054044,
0.123014,
-0.146249,
-0.254329,
0.502537,
-0.269990,
-0.359174,
0.424294,
0.391374,
-0.479216,
0.470351,
0.461280,
-0.840054,
0.487676,
-0.558956,
-0.368353,
0.002243,
0.456514,
0.181407,
-0.348238,
-0.184189,
-0.189173,
0.344453,
-0.423135,
-0.609764,
0.374528,
-0.248097,
-0.290505,
0.296012,
0.743779,
-0.602032,
-0.359048,
-0.048900,
0.297613,
-0.748932,
-0.285508,
0.590214,
0.362279,
-0.328421,
-0.314793,
-0.352558,
0.689576,
0.482631,
-0.279920,
0.051140,
0.215063,
-0.013769,
0.330201,
-0.441185,
0.240894,
0.515092,
-0.565977,
-0.495162,
-0.464717,
0.433241,
-0.254836,
0.274194,
-0.013736,
-0.532936,
-0.551552,
0.257427,
-0.239664,
-0.217101,
0.574213,
-0.116981,
0.851341,
-0.154869,
-0.069806,
-0.015076,
0.198509,
0.579546,
0.568938,
-0.587448,
-0.538816,
0.702468,
-0.469786,
0.072027,
-0.488149,
-0.166115,
0.505460,
0.070183,
0.162657,
-0.598478,
-0.014560,
0.311456,
0.560000,
0.262989,
0.437316,
-0.441352,
0.423429,
-0.462868,
-0.329060,
0.517720,
-0.201617,
-0.091295,
0.049383,
-0.100063,
0.141447,
0.543590,
-0.604443,
0.260332,
-0.678761,
-0.429421,
0.395235,
0.206152,
-0.050798,
-0.150089,
-0.381835,
0.023701,
-0.843864,
0.569355,
-0.372007,
-0.051720,
-0.313888,
0.052475,
-0.623043,
0.654919,
-0.117081,
-0.634670,
0.069966,
-0.001195,
0.015955,
-0.474687,
0.845354,
-0.165262,
-0.369469,
0.103308,
0.771231,
0.564871,
-0.480895,
0.410964,
0.593795,
-0.514240,
0.709659,
-0.013268,
0.132897,
-0.116147,
0.976472,
0.139581,
-0.523039,
0.034822,
0.418280,
-0.106086,
-0.323729,
-0.603855,
-0.059505,
0.119090,
-0.061840,
-0.268649,
0.231118,
0.225238,
0.082629,
-0.353778,
-0.138956,
-0.227580,
0.019079,
-0.372231,
-0.258090,
-0.353317,
-0.050425,
0.528051,
0.335675,
-0.070941,
-0.288004,
0.413757,
-0.126836,
-0.721079,
0.310168,
-0.454496,
0.595800,
-0.448766,
0.615909,
0.207671,
-0.194437,
-0.297153,
0.340169,
0.197246,
0.410597,
0.630774,
0.435995,
0.093771,
-0.447001,
0.227015,
-0.152887,
0.406395,
-0.313586,
-0.929571,
0.454103,
0.690395,
-0.065237,
0.115525,
0.445675,
-0.381490,
-0.350222,
0.379758,
0.113141,
0.023399,
-0.538820,
-0.885718,
-0.035819,
0.124038,
-0.421982,
0.538435,
-0.813295,
-0.625632,
-0.028205,
0.615129,
0.025389,
0.501447,
0.008365,
0.177215,
0.102029,
0.299592,
-0.132044,
-0.089080,
-0.544213,
0.465901,
0.222871,
0.562497,
0.351395,
-0.147341,
-0.165528,
0.550316,
-0.214620,
0.070946,
-0.290872,
-0.100686,
-0.067460,
0.362997,
0.176794,
0.850034,
-0.125354,
-0.385531,
0.291352,
-0.640589,
0.562502,
0.395298,
-0.222685,
-0.265179,
-0.184313,
-0.053493,
0.201145,
0.591674,
0.088292,
-0.688959,
-0.136242,
-0.385819,
-0.041865,
-0.630571,
0.225260,
0.683468,
-0.277767,
0.991197,
-0.660221,
0.297495,
0.425976,
0.585631,
-0.025401,
0.055657,
-0.271864,
0.315355,
-0.711666,
-0.342495,
0.130226,
0.044252,
0.655628,
0.105345,
0.063252,
-0.271822,
-0.003641,
-0.047080,
-0.035963,
-0.515848,
-0.086095,
-0.017064,
0.390877,
-0.068221,
-0.478208,
-0.301425,
-0.228527,
-0.420148,
-0.082567,
-0.217277,
0.562935,
-0.170256,
0.389510,
0.183014,
0.265998,
0.110659,
-0.252632,
-0.145694,
0.874993,
0.208842,
0.573328,
0.428213,
0.108340,
0.376480,
0.456789,
-0.528615,
0.452160,
0.153297,
0.587124,
-0.031827,
0.347941,
0.063091,
-0.087309,
-0.204064,
-0.355059,
0.262996,
-0.178437,
0.185731,
0.223953,
0.170533,
-0.517462,
-0.189824,
0.136245,
0.205674,
-0.090442,
0.293884,
0.225795,
-0.194860,
0.291682,
-0.036670,
-0.276075,
0.184129,
0.330872,
-0.383785,
-0.591299,
0.262161,
-0.110638,
0.182710,
-0.261572,
-0.130924,
-0.539624,
0.512402,
-0.196252,
0.115157,
-0.038072,
0.985189,
-0.489099,
0.708159,
0.052180,
-0.662467,
-0.638280,
-0.319621,
-0.516624,
-0.063534,
0.092413,
-0.380486,
0.021196,
-0.537497,
-0.010418,
0.610946,
-0.313617,
-0.055483,
0.138309,
0.078807,
0.474550,
0.708472,
0.444168,
0.036562,
-0.123599,
-0.415242,
-0.268742,
0.335296,
0.506317,
-0.224546,
0.085431,
-0.040227,
0.275899,
0.616722,
0.001598,
0.363167,
0.025489,
-0.067193,
0.278074,
0.351328,
0.289580,
0.330316,
0.216682,
-0.828389,
-0.306537,
-0.066326,
-0.178811,
-0.420866,
-0.642713,
0.019284,
0.693966,
-0.172263,
-0.414754,
-0.311075,
-0.536910,
-0.654624,
0.096217,
0.761528,
0.348939,
-0.152719,
0.026619,
0.467482,
-0.209762,
-0.212478,
-0.182623,
0.139948,
0.329012,
-0.459662,
-0.038527,
-0.421037,
0.487635,
-0.198190,
0.640467,
0.053988,
0.965317,
-0.778144,
-0.242020,
0.035139,
0.231496,
0.611701,
0.411487,
-0.872344,
-0.038373,
-0.737343,
0.029770,
0.725926,
0.100169,
-0.067911,
0.315306,
-0.068073,
0.497147,
-0.291447,
-0.205692,
-0.045576,
-0.213053,
0.013083,
-0.250612,
0.614545,
0.406632,
0.335785,
-0.193695,
-0.350095,
0.341932,
0.162691,
0.196414,
0.475158,
-0.559996,
-0.651244,
0.157932,
-0.033745,
0.058471,
-0.164302,
0.058833,
0.716821,
0.033998,
-0.356552,
0.066001,
-0.213870,
-0.119416,
0.501806,
0.706424,
-0.353023,
-0.749351,
-0.702916,
-0.109677,
0.271371,
0.527874,
-0.235327,
-0.010424,
0.062418,
0.543018,
-0.587164,
-0.709946,
-0.440805,
0.054527,
0.169958,
-0.150529,
-0.212451,
-0.715593,
0.915667,
0.639078,
-0.561125,
0.137542,
0.639172,
-0.194388,
-0.031440,
0.566959,
-0.162860,
0.763042,
0.090673,
0.054023,
0.816049,
-0.096876,
-0.778037,
0.067851,
-0.328186,
-0.028926,
-0.280142,
0.242081,
-0.299265,
0.151771,
-0.166198,
-0.827606,
-0.125637,
0.133426,
0.063523,
-0.166142,
-0.236712,
-0.146643,
0.505154,
0.560652,
-0.369669,
0.326629,
-0.542486,
-0.207429,
-0.360898,
0.010704,
0.155731,
-0.103050,
-0.254915,
0.007012,
-0.181676,
-0.356104,
-0.450496,
0.563906,
-0.375755,
-0.174415,
0.693894,
-0.552823,
-0.697534,
-0.870001,
-0.423647,
-0.051785,
-0.584099,
-0.357194,
0.107754,
0.240058,
-0.071482,
0.497771,
0.554298,
-0.147790,
0.016160,
0.200189,
0.170663,
0.980092,
0.067501,
0.457764,
-0.430872,
0.138173,
0.300643,
-0.158230,
-0.614223,
-0.022899,
-0.028064,
-0.028887,
0.916743,
0.845770,
-0.108505,
0.147087,
-0.836073,
0.099810,
-0.493375,
-0.050943,
0.070612,
0.607146,
0.488363,
-0.627631,
-0.010547,
0.168963,
0.508061,
0.475511,
-0.230569,
0.217179,
-0.390442,
-0.198570,
0.762459,
0.055516,
0.648686,
0.323129,
-0.373932,
0.116401,
-0.049789,
0.497829,
-0.177890,
-0.362987,
0.842490,
0.230155,
0.402521,
-0.080214,
0.451815,
-0.618358,
0.502742,
-0.007643,
-0.109867,
0.074446,
0.727000,
0.073008,
-0.724390,
0.829543,
0.022675,
-0.148442,
0.712707,
0.009282,
0.517588,
0.168956,
-0.328176,
0.036839,
-0.391009,
0.480939,
-0.320156,
-0.654326,
-0.511400,
0.674825,
-0.879313,
-0.199150,
-0.367756,
-0.147820,
-0.597427,
0.069844,
0.098128,
0.377232,
-0.543553,
-0.148742,
0.123487,
0.006153,
0.004177,
-0.638151,
-0.035921,
0.144962,
-0.065249,
-0.134692,
-0.357219,
-0.077788,
0.556179,
-0.017091,
0.874776,
0.287692,
-0.614503,
0.744958,
-0.067073,
0.280233,
-0.302915,
0.063293,
0.107220,
-0.080994,
0.037552,
0.617303,
-0.381578,
0.459364,
0.841262,
-0.144933,
-0.025216,
-0.308885,
-0.711039,
-0.716046,
-0.576783,
0.628508,
0.528208,
-0.230716,
0.531023,
0.302860,
-0.666134,
0.574167,
0.497579,
0.781841,
0.226511,
-0.006786,
0.414039,
0.458697,
-0.180286,
-0.446492,
-0.704195,
-0.451071,
-0.103686,
-0.608606,
0.397607,
-0.670986,
0.015319,
-0.174038,
-0.588986,
0.293063,
-0.526931,
-0.698188,
0.205549,
-0.270250,
0.324071,
-0.148598,
0.219847,
0.432366,
-0.212964,
-0.466515,
-0.304319,
0.512926,
-0.128618,
-0.016957,
-0.604474,
0.607654,
-0.184880,
-0.581369,
-0.038907,
-0.426730,
0.176055,
-0.140570,
-0.560288,
0.574051,
0.124762,
-0.360943,
0.276618,
-0.225480,
0.590124,
-0.590924,
-0.669152,
0.242381,
0.334359,
-0.283602,
0.486604,
0.969043,
-0.047692,
-0.207349,
-0.060449,
0.167896,
0.358342,
-0.186440,
0.159299,
0.731207,
0.046171,
-0.130829,
0.082424,
0.260349,
0.171249,
0.343852,
-0.068501,
-0.423409,
-0.047478,
-0.370941,
0.280814,
-0.306898,
0.059795,
0.227493,
0.407994,
-0.124274,
0.241592,
0.114900,
0.355813,
-0.227678,
0.080187,
-0.859761,
0.915255,
-0.473621,
0.056462,
-0.018659,
-0.658782,
0.306223,
0.730565,
-0.152958,
-0.646604,
0.144108,
0.067282,
0.091132,
0.123747,
0.484419,
0.692186,
0.011806,
0.048962,
0.326843,
-0.371385,
-0.089969,
-0.406639,
-0.149747,
-0.229224,
0.528628,
0.301282,
-0.605234,
0.120562,
-0.018178,
-0.075397,
-0.294194,
0.340224,
0.132320,
-0.435467,
-0.397432,
0.343441,
0.048548,
-0.260833,
0.476363,
-0.107210,
-0.116663,
0.376835,
0.037290,
-0.319107,
-0.364578,
0.228807,
0.414678,
0.143599,
-0.023538,
0.052777,
-0.200449,
-0.220082,
0.140665,
-0.398611,
0.448962,
0.161801,
0.053780,
-0.580539,
-0.716750,
-0.074902,
-0.754407,
-0.327391,
-0.146695,
-0.485912,
-0.248611,
-0.029949,
-0.072084,
-0.266159,
0.595884,
0.094533,
-0.155992,
-0.281597,
-0.436314,
-0.380715,
0.535674,
0.158289,
-0.044526,
0.188965,
0.177646,
-0.165491,
0.439270,
-0.835629,
0.525328,
-0.506469,
-0.193618,
-0.728233,
-0.441733,
-0.065190,
0.724092,
0.010448,
-0.229184,
-0.016275,
0.021823,
-0.289427,
0.099438,
0.151996,
0.425913,
-0.038461,
0.261753,
0.346752,
-0.278483,
0.246609,
0.507585,
0.109404,
0.657153,
0.056326,
-0.546534,
-0.048874,
0.646832,
0.100273,
0.127040,
-0.187525,
-0.861598,
0.766020,
0.169453,
0.480675,
-0.034908,
0.255383,
-0.678418,
0.501646,
-0.162198,
0.166923,
-0.273831,
-0.125919,
-0.350179,
0.129439,
0.549723,
0.415633,
-0.107683,
-0.009885,
0.347986,
0.007639,
0.217737,
0.411219,
0.159807,
0.374958,
0.325611,
0.018187,
-0.576476,
0.156973,
0.091308,
-0.716887,
-0.690799,
0.237724,
-0.391880,
-0.573670,
0.577170,
-0.102341,
-0.288027,
0.006373,
0.449322,
-0.675774,
-0.748161,
-0.162136,
-0.382833,
0.189326,
-0.754889,
-0.050973,
0.103936,
0.077513,
0.154662,
0.448025,
0.426246,
0.138311,
0.512643,
-0.480345,
-0.262391,
-0.720669,
-0.351878,
0.641176,
0.111378,
-0.777541,
-0.147266,
0.211258,
0.904815,
-0.209802,
-0.059629,
-0.072385,
-0.267868,
0.019156,
0.180572,
-0.116952,
0.534453,
-0.740279,
-0.459079,
0.322478,
0.391024,
-0.340178,
-0.220683,
0.495381,
0.101613,
0.084592,
-0.268791,
0.548445,
0.114500,
0.388293,
-0.487780,
0.742899,
0.114957,
-0.862434,
0.044594,
0.640317,
0.368753,
-0.137999,
0.288219,
-0.336837,
0.018774,
0.768703,
0.321384,
-0.219514,
0.028216,
-0.139579,
0.258897,
-0.110810,
-0.286594,
-0.205928,
0.293254,
0.204127,
0.061359,
-0.338243,
-0.349798,
0.555683,
-0.779194,
0.231397,
0.114376,
-0.750559,
0.280517,
-0.421123,
0.509546,
0.649907,
-0.105858,
-0.504819,
-0.093365,
0.063011,
-0.567447,
0.782946,
-0.147097,
0.144144,
0.107350,
-0.095398,
0.048317,
-0.513289,
0.386748,
0.107923,
-0.341550,
0.671951,
0.728891,
0.065703,
0.139874,
0.153348,
0.322475,
-0.257452,
0.329987,
0.438471,
0.016920,
0.765258,
0.050582,
-0.350355,
-0.112770,
-0.363321,
0.090009,
0.181325,
0.306303,
-0.098123,
0.392143,
0.418448,
-0.492488,
-0.318510,
-0.668096,
0.340745,
0.839641,
0.500909,
0.244271,
0.270662,
-0.048112,
-0.288591,
0.009981,
-0.380769,
0.229502,
-0.287902,
-0.137333,
-0.687638,
0.370928,
-0.125315,
0.048441,
0.254141,
0.092654,
0.427576,
-0.309170,
0.252567,
-0.265562,
0.595608,
-0.462426,
0.391329,
-0.193182,
0.296778,
0.339321,
0.624369,
-0.658658,
-0.197807,
0.043630,
0.614794,
0.305076,
-0.381007,
0.365829,
-0.207230,
-0.014745,
-0.951142,
0.068672,
0.011516,
-0.644711,
0.227393,
0.046076,
-0.135750,
-0.487607,
-0.267614,
-0.624592,
0.500515,
0.065569,
0.193081,
0.216471,
-0.093825,
0.050727,
-0.015503,
0.389267,
-0.046653,
0.220619,
0.090051,
-0.344350,
0.160147,
-0.142708,
0.347285,
-0.016500,
0.030337,
0.458262,
-0.395732,
0.044820,
0.413373,
-0.196470,
-0.503844,
0.190033,
-0.087567,
0.076590,
0.192318,
0.003097,
-0.111064,
-0.538595,
-0.238387,
0.091702,
0.680216,
-0.316780,
0.241582,
-0.651215,
0.006061,
0.098083,
0.080982,
-0.362512,
-0.947389,
0.083541,
-0.715214,
-0.068646,
-0.067685,
-0.388233,
0.055680,
-0.480948,
0.454979,
0.346968,
0.015722,
0.136129,
0.728680,
-0.561938,
0.183368,
0.271521,
0.249982,
0.733396,
0.086249,
0.595494,
-0.045377,
-0.419650,
0.339728,
-0.411883,
-0.374633,
-0.117365,
-0.262400,
-0.228164,
-0.575060,
0.202310,
0.100318,
0.702273,
-0.087471,
0.417999,
-0.291445,
0.453478,
0.325585,
-0.176636,
0.481865,
0.184583,
-0.323510,
-0.136458,
0.117484,
-0.302011,
0.331839,
0.017262,
0.169083,
-0.000945,
-0.290977,
0.005675,
-0.425085,
-0.396609,
0.026122,
-0.394243,
0.772139,
0.746315,
0.834691,
-0.098689,
0.560966,
-0.523054,
-0.295772,
0.243666,
0.187016,
0.477178,
-0.277279,
-0.636307,
-0.437078,
-0.476679,
0.775605,
-0.031273,
0.224369,
0.204820,
0.432830,
-0.432094,
-0.605388,
0.305588,
-0.000329,
-0.538643,
-0.058178,
-0.074306,
-0.400846,
-0.226255,
-0.340392,
-0.642367,
0.363742,
-0.007536,
-0.695520,
0.046527,
-0.305381,
0.267577,
-0.225800,
-0.346347,
0.246066,
0.060627,
0.279430,
0.186937,
0.158196,
-0.465494,
-0.087662,
0.119305,
0.406830,
0.242880,
-0.394368,
0.090635,
-0.101347,
-0.077577,
0.502643,
0.042362,
-0.441593,
-0.151313,
-0.733490,
0.026774,
0.020350,
-0.220852,
-0.085988,
-0.768155,
-0.205093,
-0.028764,
0.203035,
-0.379492,
0.322311,
-0.274211,
0.144003,
-0.290152,
0.602598,
-0.460215,
0.427210,
-0.194114,
0.259067,
0.414661,
0.209014,
0.198325,
0.547572,
-0.455286,
-0.052809,
-0.007924,
-0.041409,
-0.039969,
0.298042,
-0.256332,
0.715691,
0.162565,
0.261521,
-0.529238,
0.040411,
0.137838,
0.404032,
0.520370,
-0.624789,
-0.340294,
0.355811,
-0.160353,
-0.293178,
-0.177193,
0.433333,
0.150028,
-0.223871,
0.336595,
-0.048492,
-0.052683,
-0.285747,
-0.137975,
0.455942,
-0.505968,
0.546640,
-0.250440,
-0.368081,
-0.150356,
0.290994,
-0.550637,
-0.269172,
0.169171,
0.024532,
0.267378,
0.176581,
0.470729,
0.112247,
-0.179684,
0.540354,
-0.848141,
0.345645,
-0.010659,
0.316035,
0.650091,
0.749472,
-0.118255,
0.095545,
-0.005001,
0.222568,
-0.161737,
-0.559136,
-0.587336,
-0.639674,
-0.172638,
-0.355090,
-0.153297,
-0.363023,
-0.242366,
0.485272,
-0.440321,
0.470727,
0.260242,
-0.138256,
0.048681,
0.034714,
0.021194,
-0.186569,
-0.249862,
0.347289,
0.066855,
0.025026,
-0.099513,
0.055480,
0.633728,
0.229940,
0.398950,
0.571126,
-0.329032,
0.475985,
-0.799788,
-0.192838,
0.007996,
0.414425,
-0.467710,
-0.910403,
-0.261957,
-0.232693,
0.773752,
0.374916,
-0.502678,
0.609268,
-0.237467,
0.087349,
-0.510509,
-0.044318,
-0.490262,
0.113055,
0.158393,
-0.045234,
-0.101974,
0.060452,
-0.580778,
0.737550,
0.547422,
0.205800,
0.411850,
-0.090397,
0.847512,
-0.036125,
0.223652,
-0.011073,
-0.340723,
-0.496380,
-0.173606,
0.425510,
0.803038,
0.584492,
0.195952,
-0.087795,
0.220000,
-0.164111,
0.102343,
-0.226774,
-0.232182,
0.013645,
0.258592,
0.013958,
0.114135,
-0.403088,
-0.790005,
-0.686243,
0.163615,
-0.621130,
0.457018,
-0.242263,
-0.316480,
0.531665,
0.105215,
0.134696,
0.514828,
-0.652625,
-0.008655,
-0.510938,
0.482146,
0.419174,
0.420961,
-0.495219,
-0.313428,
-0.460824,
-0.092481,
-0.234828,
0.028577,
0.256231,
-0.272539,
-0.437607,
-0.138872,
-0.121300,
0.122455,
-0.200753,
-0.104577,
-0.041463,
-0.380574,
0.243159,
-0.493800,
-0.611262,
-0.547496,
0.295001,
-0.256269,
-0.835380,
-0.750542,
-0.103249,
-0.311233,
-0.426150,
0.243539,
-0.058853,
0.819712,
-0.376411,
-0.049227,
0.795427,
-0.360021,
-0.290868,
0.390420,
-0.891610,
0.079022,
0.399158,
-0.818591,
-0.197250,
0.512095,
-0.684543,
0.206780,
-0.020627,
0.067891,
0.358859,
-0.333922,
-0.165143,
-0.183347,
0.215811,
0.608341,
0.146498,
-0.376348,
-0.571713,
-0.032432,
-0.150109,
0.034980,
-0.083896,
-0.293093,
-0.410100,
-0.189486,
-0.240075,
0.597665,
0.351375,
0.613908,
-0.336429,
-0.472397,
-0.384168,
-0.039394,
-0.907225,
-0.009104,
-0.148856,
0.193113,
0.756543,
-0.118009,
-0.700016,
-0.231215,
0.148314,
-0.015611,
0.070540,
0.460083,
0.512986,
-0.783968,
0.932101,
0.199302,
0.703933,
-0.038257,
-0.111429,
-0.367206,
0.023476,
0.549565,
0.604270,
-0.641282,
0.114605,
0.243918,
0.525152,
0.520947,
0.858104,
0.020868,
0.545050,
-0.144338,
0.564716,
-0.050403,
-0.045348,
-0.526836,
0.324565,
-0.581698,
-0.258145,
-0.729120,
-0.020157,
-0.070115,
-0.763491,
-0.005367,
0.812863,
-0.060470,
0.115548,
0.347536,
0.132191,
-0.055939,
-0.427534,
0.684384,
-0.370815,
-0.545266,
-0.111425,
0.226380,
0.051906,
-0.219392,
-0.530442,
-0.021550,
-0.178193,
-0.230196,
0.171863,
0.246201,
-0.737083,
0.050124,
0.000723,
-0.028888,
-0.493019,
-0.446214,
0.022869,
0.313298,
0.473165,
-0.515881,
-0.595946,
-0.168505,
0.446214,
0.249783,
-0.528410,
-0.169551,
0.205973,
-0.147884,
0.097127,
-0.493751,
0.145392,
-0.256517,
-0.508093,
-0.018496,
-0.420892,
0.404094,
0.415621,
0.014351,
0.323267,
-0.107699,
-0.557735,
-0.320956,
-0.252496,
-0.760642,
-0.425607,
-0.055624,
-0.348467,
-0.326046,
-0.292812,
0.330443,
0.384622,
-0.495048,
0.471786,
-0.518977,
0.804351,
0.623807,
-0.116741,
-0.040847,
0.504565,
-0.586629,
-0.022795,
0.468342,
0.215782,
0.289466,
0.747508,
0.545920,
-0.088679,
0.008979,
-0.836763,
-0.519089,
-0.088616,
0.175658,
-0.439480,
0.079407,
-0.468941,
-0.521967,
-0.145274,
0.057031,
0.268074,
0.865741,
-0.726337,
0.208643,
0.170319,
0.035072,
0.650085,
-0.164137,
-0.410179,
0.158507,
-0.056553,
0.147250,
-0.971079,
-0.861875,
-0.601560,
-0.740359,
0.321555,
0.336750,
0.418692,
0.339824,
-0.112060,
0.413374,
-0.023456,
-0.110998,
0.463722,
0.117696,
-0.146340,
-0.304738,
-0.022257,
0.110214,
0.668323,
-0.351864,
-0.190135,
0.551501,
-0.031205,
-0.864680,
-0.688106,
0.074472,
0.777223,
-0.653336,
-0.076603,
-0.368813,
0.463875,
-0.132231,
0.740770,
-0.147136,
-0.558043,
0.293022,
0.335724,
-0.408231,
-0.219808,
0.529126,
-0.652916,
0.006885,
-0.683542,
-0.644524,
-0.462584,
-0.572110,
0.123761,
-0.378958,
-0.605374,
-0.240849,
-0.380976,
0.301409,
-0.070722,
-0.673970,
-0.683709,
0.872104,
-0.527813,
0.401356,
0.065207,
0.270618,
-0.209723,
-0.654776,
-0.202320,
-0.038369,
-0.075154,
0.621719,
0.205126,
-0.147547,
-0.475347,
0.228483,
-0.298086,
-0.102063,
-0.703857,
0.599622,
-0.375527,
0.431719,
0.471915,
-0.113798,
0.229282,
0.144696,
0.651592,
-0.167168,
-0.314715,
0.448652,
-0.566805,
0.317894,
-0.680965,
0.642576,
-0.128153,
-0.407357,
-0.453541,
0.772662,
-0.629699,
0.217374,
-0.802217,
-0.653549,
0.577132,
0.352623,
-0.630927,
0.390849,
-0.300331,
0.422844,
-0.515321,
-0.204745,
-0.151840,
0.220939,
0.011690,
0.173528,
